0	0	0	0	1	13713	39	43	0.99715	0.99715	0.00046	0.00046
0	0	0	0	2	13631	201	53	0.98523	0.98242	0.00103	0.00112
0	0	0	0	3	13377	277	58	0.97925	0.96203	0.00123	0.00164
0	0	0	0	4	13042	260	54	0.98002	0.94281	0.00123	0.00199
0	0	0	0	5	12728	224	64	0.98236	0.92618	0.00117	0.00225
0	0	0	0	6	12440	183	67	0.98525	0.91252	0.00108	0.00243
0	0	0	0	7	12190	168	75	0.98618	0.89990	0.00106	0.00258
0	0	0	0	8	11947	146	63	0.98775	0.88888	0.00101	0.00271
0	0	0	0	9	11738	141	76	0.98795	0.87816	0.00101	0.00282
0	0	0	0	10	11521	123	79	0.98929	0.86876	0.00096	0.00292
0	0	0	0	11	11319	103	74	0.99087	0.86082	0.00090	0.00299
0	0	0	0	12	11142	114	89	0.98973	0.85198	0.00096	0.00307
0	0	0	0	13	10939	90	106	0.99173	0.84494	0.00087	0.00314
0	0	0	0	14	10743	81	85	0.99243	0.83854	0.00084	0.00319
0	0	0	0	15	10577	87	102	0.99173	0.83161	0.00088	0.00325
0	0	0	0	16	10388	94	125	0.99090	0.82404	0.00093	0.00331
0	0	0	0	17	10169	73	137	0.99277	0.81809	0.00084	0.00336
0	0	0	0	18	9959	79	144	0.99201	0.81155	0.00090	0.00342
0	0	0	0	19	9736	70	133	0.99276	0.80567	0.00086	0.00346
0	0	0	0	20	9533	67	158	0.99291	0.79996	0.00086	0.00351
0	0	0	0	21	9308	72	152	0.99220	0.79372	0.00092	0.00356
0	0	0	0	22	9084	51	168	0.99433	0.78923	0.00079	0.00359
0	0	0	0	23	8865	77	175	0.99123	0.78230	0.00100	0.00365
0	0	0	0	24	8613	70	210	0.99177	0.77587	0.00098	0.00370
0	0	0	0	25	8333	48	241	0.99416	0.77133	0.00084	0.00373
0	0	0	0	26	8044	48	1932	0.99322	0.76610	0.00098	0.00378
0	0	0	0	27	6064	38	1852	0.99260	0.76044	0.00120	0.00386
0	0	0	0	28	4174	20	1596	0.99408	0.75593	0.00132	0.00397
0	0	0	0	29	2558	13	1317	0.99316	0.75076	0.00189	0.00419
0	0	0	0	30	1228	2	1226	.	.	.	.
0	0	0	1	1	9103	43	81	0.99526	0.99526	0.00072	0.00072
0	0	0	1	2	8979	89	91	0.99004	0.98534	0.00105	0.00127
0	0	0	1	3	8799	100	97	0.98857	0.97408	0.00114	0.00168
0	0	0	1	4	8602	94	114	0.98900	0.96336	0.00113	0.00199
0	0	0	1	5	8394	111	152	0.98666	0.95051	0.00126	0.00231
0	0	0	1	6	8131	115	151	0.98572	0.93694	0.00132	0.00260
0	0	0	1	7	7865	105	154	0.98652	0.92431	0.00131	0.00284
0	0	0	1	8	7606	102	132	0.98647	0.91180	0.00133	0.00306
0	0	0	1	9	7372	92	165	0.98738	0.90030	0.00131	0.00325
0	0	0	1	10	7115	77	171	0.98905	0.89043	0.00124	0.00340
0	0	0	1	11	6867	78	184	0.98849	0.88018	0.00130	0.00356
0	0	0	1	12	6605	64	223	0.99014	0.87151	0.00123	0.00368
0	0	0	1	13	6318	80	200	0.98713	0.86029	0.00143	0.00384
0	0	0	1	14	6038	68	215	0.98853	0.85043	0.00138	0.00398
0	0	0	1	15	5755	62	247	0.98899	0.84107	0.00139	0.00411
0	0	0	1	16	5446	53	236	0.99005	0.83270	0.00136	0.00423
0	0	0	1	17	5157	74	255	0.98529	0.82045	0.00170	0.00440
0	0	0	1	18	4828	46	255	0.99021	0.81242	0.00144	0.00451
0	0	0	1	19	4527	37	278	0.99157	0.80557	0.00138	0.00461
0	0	0	1	20	4212	55	274	0.98650	0.79470	0.00181	0.00478
0	0	0	1	21	3883	38	312	0.98980	0.78659	0.00165	0.00491
0	0	0	1	22	3533	38	273	0.98881	0.77779	0.00180	0.00505
0	0	0	1	23	3222	28	260	0.99094	0.77075	0.00170	0.00518
0	0	0	1	24	2934	31	300	0.98886	0.76217	0.00199	0.00535
0	0	0	1	25	2603	18	316	0.99264	0.75656	0.00173	0.00547
0	0	0	1	26	2269	14	686	0.99273	0.75106	0.00194	0.00562
0	0	0	1	27	1569	22	618	0.98254	0.73794	0.00369	0.00618
0	0	0	1	28	929	12	443	0.98304	0.72543	0.00485	0.00705
0	0	0	1	29	474	5	284	0.98494	0.71450	0.00668	0.00847
0	0	0	1	30	185	3	182	.	.	.	.
0	0	0	2	1	9548	71	280	0.99245	0.99245	0.00089	0.00089
0	0	0	2	2	9197	109	264	0.98798	0.98052	0.00114	0.00144
0	0	0	2	3	8824	140	331	0.98383	0.96467	0.00136	0.00194
0	0	0	2	4	8353	132	322	0.98389	0.94912	0.00139	0.00233
0	0	0	2	5	7899	143	363	0.98147	0.93154	0.00154	0.00271
0	0	0	2	6	7393	116	404	0.98387	0.91651	0.00149	0.00301
0	0	0	2	7	6873	113	368	0.98311	0.90103	0.00158	0.00329
0	0	0	2	8	6392	111	371	0.98212	0.88491	0.00168	0.00357
0	0	0	2	9	5910	82	453	0.98557	0.87214	0.00158	0.00379
0	0	0	2	10	5375	78	425	0.98489	0.85897	0.00170	0.00401
0	0	0	2	11	4872	85	420	0.98177	0.84331	0.00196	0.00428
0	0	0	2	12	4367	69	419	0.98340	0.82931	0.00198	0.00453
0	0	0	2	13	3879	64	377	0.98266	0.81493	0.00215	0.00480
0	0	0	2	14	3438	58	405	0.98207	0.80032	0.00233	0.00508
0	0	0	2	15	2975	42	383	0.98491	0.78824	0.00231	0.00533
0	0	0	2	16	2550	41	324	0.98283	0.77471	0.00266	0.00565
0	0	0	2	17	2185	39	301	0.98083	0.75986	0.00304	0.00602
0	0	0	2	18	1845	32	275	0.98126	0.74562	0.00328	0.00641
0	0	0	2	19	1538	20	251	0.98584	0.73506	0.00314	0.00674
0	0	0	2	20	1267	13	222	0.98875	0.72680	0.00310	0.00704
0	0	0	2	21	1032	18	192	0.98077	0.71282	0.00449	0.00764
0	0	0	2	22	822	11	151	0.98526	0.70231	0.00441	0.00816
0	0	0	2	23	660	9	157	0.98452	0.69144	0.00512	0.00880
0	0	0	2	24	494	7	105	0.98414	0.68048	0.00594	0.00959
0	0	0	2	25	382	1	101	0.99698	0.67843	0.00301	0.00977
0	0	0	2	26	280	4	137	0.98109	0.66560	0.00937	0.01150
0	0	0	2	27	139	0	73	1.00000	0.66560	0.00000	0.01150
0	0	0	2	28	66	0	43	1.00000	0.66560	0.00000	0.01150
0	0	0	2	29	23	0	16	1.00000	0.66560	0.00000	0.01150
0	0	0	2	30	7	0	7	.	.	.	.
0	0	1	0	1	17094	46	56	0.99730	0.99730	0.00040	0.00040
0	0	1	0	2	16992	197	77	0.98838	0.98572	0.00082	0.00091
0	0	1	0	3	16718	249	54	0.98508	0.97101	0.00094	0.00129
0	0	1	0	4	16415	233	84	0.98577	0.95719	0.00093	0.00156
0	0	1	0	5	16098	207	74	0.98711	0.94486	0.00089	0.00176
0	0	1	0	6	15817	164	69	0.98961	0.93504	0.00081	0.00190
0	0	1	0	7	15584	144	79	0.99074	0.92638	0.00077	0.00201
0	0	1	0	8	15361	155	72	0.98989	0.91701	0.00081	0.00213
0	0	1	0	9	15134	118	85	0.99218	0.90984	0.00072	0.00221
0	0	1	0	10	14931	101	84	0.99322	0.90366	0.00067	0.00228
0	0	1	0	11	14746	97	97	0.99340	0.89770	0.00067	0.00234
0	0	1	0	12	14552	121	115	0.99165	0.89021	0.00076	0.00242
0	0	1	0	13	14316	104	127	0.99270	0.88371	0.00071	0.00249
0	0	1	0	14	14085	97	140	0.99308	0.87759	0.00070	0.00255
0	0	1	0	15	13848	96	165	0.99303	0.87147	0.00071	0.00260
0	0	1	0	16	13587	76	163	0.99437	0.86657	0.00064	0.00265
0	0	1	0	17	13348	95	190	0.99283	0.86036	0.00073	0.00271
0	0	1	0	18	13063	67	171	0.99484	0.85592	0.00063	0.00275
0	0	1	0	19	12825	86	219	0.99324	0.85013	0.00073	0.00280
0	0	1	0	20	12520	62	272	0.99499	0.84587	0.00063	0.00283
0	0	1	0	21	12186	66	2791	0.99388	0.84070	0.00075	0.00289
0	0	1	0	22	9329	42	2613	0.99476	0.83630	0.00081	0.00295
0	0	1	0	23	6674	22	2415	0.99598	0.83293	0.00086	0.00303
0	0	1	0	24	4237	15	2261	0.99517	0.82891	0.00124	0.00318
0	0	1	0	25	1961	4	1957	.	.	.	.
0	0	1	1	1	10043	29	102	0.99710	0.99710	0.00054	0.00054
0	0	1	1	2	9912	78	111	0.99209	0.98921	0.00089	0.00104
0	0	1	1	3	9723	108	123	0.98882	0.97815	0.00107	0.00147
0	0	1	1	4	9492	85	130	0.99098	0.96933	0.00097	0.00174
0	0	1	1	5	9277	114	148	0.98761	0.95732	0.00115	0.00205
0	0	1	1	6	9015	104	145	0.98837	0.94619	0.00113	0.00230
0	0	1	1	7	8766	82	157	0.99056	0.93726	0.00104	0.00248
0	0	1	1	8	8527	81	174	0.99040	0.92826	0.00106	0.00265
0	0	1	1	9	8272	81	178	0.99010	0.91907	0.00109	0.00282
0	0	1	1	10	8013	77	208	0.99026	0.91013	0.00110	0.00297
0	0	1	1	11	7728	89	214	0.98832	0.89950	0.00123	0.00314
0	0	1	1	12	7425	69	231	0.99056	0.89101	0.00113	0.00327
0	0	1	1	13	7125	68	255	0.99028	0.88235	0.00117	0.00340
0	0	1	1	14	6802	63	240	0.99057	0.87403	0.00118	0.00353
0	0	1	1	15	6499	63	268	0.99010	0.86538	0.00124	0.00366
0	0	1	1	16	6168	59	267	0.99022	0.85692	0.00127	0.00379
0	0	1	1	17	5842	52	316	0.99085	0.84908	0.00126	0.00390
0	0	1	1	18	5474	51	293	0.99043	0.84095	0.00133	0.00403
0	0	1	1	19	5130	37	297	0.99257	0.83470	0.00122	0.00413
0	0	1	1	20	4796	29	349	0.99372	0.82947	0.00116	0.00421
0	0	1	1	21	4418	36	1221	0.99054	0.82162	0.00157	0.00437
0	0	1	1	22	3161	27	1004	0.98985	0.81328	0.00194	0.00461
0	0	1	1	23	2130	11	851	0.99355	0.80803	0.00194	0.00485
0	0	1	1	24	1268	6	688	0.99351	0.80278	0.00264	0.00527
0	0	1	1	25	574	2	572	.	.	.	.
0	0	1	2	1	12087	78	272	0.99347	0.99347	0.00074	0.00074
0	0	1	2	2	11737	137	352	0.98815	0.98170	0.00101	0.00124
0	0	1	2	3	11248	168	384	0.98480	0.96678	0.00116	0.00167
0	0	1	2	4	10696	156	437	0.98511	0.95239	0.00118	0.00200
0	0	1	2	5	10103	139	433	0.98594	0.93900	0.00118	0.00227
0	0	1	2	6	9531	119	460	0.98721	0.92698	0.00117	0.00250
0	0	1	2	7	8952	119	519	0.98631	0.91429	0.00125	0.00272
0	0	1	2	8	8314	104	514	0.98709	0.90249	0.00126	0.00292
0	0	1	2	9	7696	106	543	0.98572	0.88961	0.00138	0.00314
0	0	1	2	10	7047	94	546	0.98612	0.87726	0.00142	0.00334
0	0	1	2	11	6407	90	553	0.98532	0.86438	0.00154	0.00356
0	0	1	2	12	5764	69	517	0.98747	0.85355	0.00150	0.00374
0	0	1	2	13	5178	71	501	0.98559	0.84125	0.00170	0.00396
0	0	1	2	14	4606	61	488	0.98602	0.82949	0.00178	0.00419
0	0	1	2	15	4057	56	452	0.98538	0.81736	0.00194	0.00443
0	0	1	2	16	3549	45	466	0.98643	0.80627	0.00201	0.00467
0	0	1	2	17	3038	46	422	0.98373	0.79315	0.00238	0.00497
0	0	1	2	18	2570	24	419	0.98983	0.78509	0.00206	0.00519
0	0	1	2	19	2127	17	363	0.99126	0.77823	0.00211	0.00540
0	0	1	2	20	1747	19	325	0.98801	0.76889	0.00273	0.00575
0	0	1	2	21	1403	16	524	0.98598	0.75811	0.00348	0.00627
0	0	1	2	22	863	12	362	0.98240	0.74477	0.00503	0.00724
0	0	1	2	23	489	5	257	0.98613	0.73444	0.00616	0.00849
0	0	1	2	24	227	2	138	0.98734	0.72515	0.00889	0.01063
0	0	1	2	25	87	0	87	.	.	.	.
0	0	2	0	1	21222	41	65	0.99807	0.99807	0.00030	0.00030
0	0	2	0	2	21116	201	74	0.99046	0.98855	0.00067	0.00073
0	0	2	0	3	20841	214	80	0.98971	0.97838	0.00070	0.00100
0	0	2	0	4	20547	256	81	0.98752	0.96616	0.00078	0.00125
0	0	2	0	5	20210	206	100	0.98978	0.95629	0.00071	0.00141
0	0	2	0	6	19904	189	132	0.99047	0.94718	0.00069	0.00155
0	0	2	0	7	19583	165	91	0.99155	0.93918	0.00065	0.00165
0	0	2	0	8	19327	156	117	0.99190	0.93158	0.00065	0.00175
0	0	2	0	9	19054	147	134	0.99226	0.92437	0.00064	0.00183
0	0	2	0	10	18773	144	140	0.99230	0.91725	0.00064	0.00191
0	0	2	0	11	18489	97	163	0.99473	0.91241	0.00053	0.00196
0	0	2	0	12	18229	102	146	0.99438	0.90729	0.00055	0.00202
0	0	2	0	13	17981	131	214	0.99267	0.90064	0.00064	0.00208
0	0	2	0	14	17636	93	247	0.99469	0.89586	0.00055	0.00213
0	0	2	0	15	17296	99	274	0.99423	0.89069	0.00058	0.00218
0	0	2	0	16	16923	88	3819	0.99414	0.88547	0.00062	0.00224
0	0	2	0	17	13016	57	3673	0.99490	0.88095	0.00067	0.00231
0	0	2	0	18	9286	51	3339	0.99330	0.87505	0.00093	0.00243
0	0	2	0	19	5896	29	3102	0.99333	0.86921	0.00124	0.00265
0	0	2	0	20	2765	1	2764	.	.	.	.
0	0	2	1	1	10619	44	78	0.99584	0.99584	0.00063	0.00063
0	0	2	1	2	10497	67	92	0.99359	0.98946	0.00078	0.00100
0	0	2	1	3	10338	102	122	0.99007	0.97964	0.00098	0.00138
0	0	2	1	4	10114	93	122	0.99075	0.97057	0.00095	0.00166
0	0	2	1	5	9899	69	152	0.99298	0.96376	0.00084	0.00184
0	0	2	1	6	9678	67	168	0.99302	0.95703	0.00085	0.00200
0	0	2	1	7	9443	70	172	0.99252	0.94987	0.00089	0.00216
0	0	2	1	8	9201	62	196	0.99319	0.94340	0.00086	0.00230
0	0	2	1	9	8943	86	181	0.99029	0.93423	0.00104	0.00248
0	0	2	1	10	8676	65	194	0.99242	0.92715	0.00094	0.00261
0	0	2	1	11	8417	69	210	0.99170	0.91946	0.00100	0.00275
0	0	2	1	12	8138	66	210	0.99178	0.91190	0.00101	0.00288
0	0	2	1	13	7862	52	266	0.99327	0.90577	0.00093	0.00298
0	0	2	1	14	7544	49	259	0.99339	0.89978	0.00094	0.00308
0	0	2	1	15	7236	50	307	0.99294	0.89343	0.00099	0.00319
0	0	2	1	16	6879	43	1683	0.99288	0.88707	0.00108	0.00331
0	0	2	1	17	5153	33	1524	0.99248	0.88040	0.00130	0.00348
0	0	2	1	18	3596	24	1389	0.99173	0.87312	0.00168	0.00376
0	0	2	1	19	2183	17	1129	0.98950	0.86395	0.00253	0.00433
0	0	2	1	20	1037	1	1036	.	.	.	.
0	0	2	2	1	14003	87	311	0.99372	0.99372	0.00067	0.00067
0	0	2	2	2	13605	153	435	0.98857	0.98236	0.00092	0.00113
0	0	2	2	3	13017	156	426	0.98782	0.97039	0.00097	0.00147
0	0	2	2	4	12435	131	453	0.98927	0.95998	0.00093	0.00171
0	0	2	2	5	11851	126	512	0.98913	0.94955	0.00096	0.00193
0	0	2	2	6	11213	111	547	0.98985	0.93991	0.00096	0.00211
0	0	2	2	7	10555	124	567	0.98793	0.92857	0.00108	0.00232
0	0	2	2	8	9864	95	609	0.99006	0.91934	0.00101	0.00248
0	0	2	2	9	9160	97	631	0.98903	0.90926	0.00111	0.00266
0	0	2	2	10	8432	98	621	0.98793	0.89828	0.00121	0.00285
0	0	2	2	11	7713	81	627	0.98905	0.88845	0.00121	0.00302
0	0	2	2	12	7005	79	614	0.98821	0.87797	0.00132	0.00321
0	0	2	2	13	6312	63	632	0.98949	0.86875	0.00132	0.00338
0	0	2	2	14	5617	54	625	0.98982	0.85990	0.00138	0.00355
0	0	2	2	15	4938	44	612	0.99050	0.85173	0.00143	0.00372
0	0	2	2	16	4282	40	1378	0.98887	0.84225	0.00175	0.00397
0	0	2	2	17	2864	27	1082	0.98838	0.83246	0.00222	0.00435
0	0	2	2	18	1755	19	842	0.98576	0.82061	0.00324	0.00507
0	0	2	2	19	894	3	542	0.99518	0.81665	0.00277	0.00553
0	0	2	2	20	349	3	346	.	.	.	.
0	0	3	0	1	65952	122	913	0.99814	0.99814	0.00017	0.00017
0	0	3	0	2	64917	350	5306	0.99438	0.99253	0.00030	0.00034
0	0	3	0	3	59261	445	5084	0.99215	0.98474	0.00037	0.00050
0	0	3	0	4	53732	404	4901	0.99212	0.97698	0.00039	0.00063
0	0	3	0	5	48427	340	4756	0.99262	0.96977	0.00040	0.00074
0	0	3	0	6	43331	284	4837	0.99306	0.96304	0.00041	0.00083
0	0	3	0	7	38210	197	4555	0.99452	0.95776	0.00039	0.00091
0	0	3	0	8	33458	193	4451	0.99382	0.95184	0.00044	0.00100
0	0	3	0	9	28814	134	4431	0.99496	0.94704	0.00043	0.00108
0	0	3	0	10	24249	120	4430	0.99455	0.94189	0.00050	0.00117
0	0	3	0	11	19699	88	4098	0.99501	0.93719	0.00053	0.00126
0	0	3	0	12	15513	73	3817	0.99463	0.93216	0.00063	0.00139
0	0	3	0	13	11623	53	4028	0.99448	0.92702	0.00076	0.00155
0	0	3	0	14	7542	22	3780	0.99611	0.92341	0.00083	0.00172
0	0	3	0	15	3740	4	3736	.	.	.	.
0	0	3	1	1	34521	90	486	0.99737	0.99737	0.00028	0.00028
0	0	3	1	2	33945	148	3414	0.99541	0.99280	0.00038	0.00047
0	0	3	1	3	30383	177	3279	0.99384	0.98668	0.00046	0.00065
0	0	3	1	4	26927	173	3129	0.99318	0.97995	0.00052	0.00082
0	0	3	1	5	23625	142	2863	0.99360	0.97368	0.00054	0.00097
0	0	3	1	6	20620	122	2786	0.99365	0.96750	0.00057	0.00112
0	0	3	1	7	17712	95	2513	0.99423	0.96192	0.00059	0.00125
0	0	3	1	8	15104	83	2338	0.99404	0.95619	0.00065	0.00139
0	0	3	1	9	12683	46	2096	0.99605	0.95241	0.00058	0.00149
0	0	3	1	10	10541	53	1846	0.99449	0.94716	0.00075	0.00165
0	0	3	1	11	8642	43	1814	0.99444	0.94189	0.00085	0.00182
0	0	3	1	12	6785	36	1769	0.99390	0.93615	0.00101	0.00205
0	0	3	1	13	4980	17	1886	0.99579	0.93221	0.00102	0.00225
0	0	3	1	14	3077	9	1626	0.99602	0.92850	0.00132	0.00256
0	0	3	1	15	1442	3	1439	.	.	.	.
0	0	3	2	1	34958	260	860	0.99247	0.99247	0.00047	0.00047
0	0	3	2	2	33838	304	3348	0.99055	0.98309	0.00054	0.00071
0	0	3	2	3	30186	319	3310	0.98882	0.97210	0.00062	0.00093
0	0	3	2	4	26557	262	3109	0.98952	0.96191	0.00064	0.00111
0	0	3	2	5	23186	219	2996	0.98990	0.95220	0.00068	0.00128
0	0	3	2	6	19971	191	2836	0.98971	0.94240	0.00074	0.00145
0	0	3	2	7	16944	159	2596	0.98984	0.93282	0.00080	0.00162
0	0	3	2	8	14189	118	2445	0.99090	0.92433	0.00083	0.00179
0	0	3	2	9	11626	108	2211	0.98973	0.91484	0.00098	0.00199
0	0	3	2	10	9307	82	2017	0.99012	0.90580	0.00109	0.00220
0	0	3	2	11	7208	61	1804	0.99033	0.89704	0.00123	0.00245
0	0	3	2	12	5343	50	1662	0.98892	0.88710	0.00156	0.00280
0	0	3	2	13	3631	29	1463	0.99000	0.87823	0.00185	0.00322
0	0	3	2	14	2139	12	1225	0.99214	0.87132	0.00226	0.00376
0	0	3	2	15	902	3	899	.	.	.	.
0	1	0	0	1	9914	199	61	0.97987	0.97987	0.00141	0.00141
0	1	0	0	2	9654	691	62	0.92819	0.90950	0.00263	0.00289
0	1	0	0	3	8901	738	49	0.91686	0.83389	0.00293	0.00376
0	1	0	0	4	8114	555	50	0.93139	0.77667	0.00281	0.00421
0	1	0	0	5	7509	427	42	0.94298	0.73238	0.00268	0.00449
0	1	0	0	6	7040	326	52	0.95352	0.69834	0.00251	0.00466
0	1	0	0	7	6662	268	39	0.95965	0.67017	0.00241	0.00478
0	1	0	0	8	6355	235	33	0.96292	0.64532	0.00237	0.00487
0	1	0	0	9	6087	199	46	0.96718	0.62414	0.00229	0.00493
0	1	0	0	10	5842	168	43	0.97114	0.60613	0.00219	0.00498
0	1	0	0	11	5631	150	43	0.97326	0.58992	0.00215	0.00502
0	1	0	0	12	5438	137	51	0.97469	0.57499	0.00213	0.00505
0	1	0	0	13	5250	125	50	0.97608	0.56123	0.00211	0.00508
0	1	0	0	14	5075	91	47	0.98199	0.55112	0.00187	0.00510
0	1	0	0	15	4937	92	52	0.98127	0.54080	0.00193	0.00512
0	1	0	0	16	4793	65	61	0.98635	0.53342	0.00168	0.00513
0	1	0	0	17	4667	84	64	0.98188	0.52375	0.00196	0.00514
0	1	0	0	18	4519	79	74	0.98237	0.51452	0.00197	0.00515
0	1	0	0	19	4366	64	73	0.98522	0.50691	0.00183	0.00517
0	1	0	0	20	4229	67	76	0.98401	0.49881	0.00194	0.00518
0	1	0	0	21	4086	63	73	0.98444	0.49105	0.00194	0.00519
0	1	0	0	22	3950	66	76	0.98313	0.48276	0.00206	0.00520
0	1	0	0	23	3808	44	88	0.98831	0.47712	0.00175	0.00521
0	1	0	0	24	3676	38	87	0.98954	0.47213	0.00169	0.00522
0	1	0	0	25	3551	41	118	0.98826	0.46659	0.00182	0.00523
0	1	0	0	26	3392	32	766	0.98937	0.46162	0.00187	0.00524
0	1	0	0	27	2594	25	725	0.98880	0.45645	0.00223	0.00529
0	1	0	0	28	1844	16	715	0.98924	0.45154	0.00268	0.00537
0	1	0	0	29	1113	6	612	0.99257	0.44818	0.00302	0.00550
0	1	0	0	30	495	2	493	.	.	.	.
0	1	0	1	1	5067	97	86	0.98069	0.98069	0.00194	0.00194
0	1	0	1	2	4884	266	70	0.94514	0.92690	0.00327	0.00369
0	1	0	1	3	4548	288	63	0.93623	0.86779	0.00364	0.00483
0	1	0	1	4	4197	242	85	0.94175	0.81724	0.00363	0.00553
0	1	0	1	5	3870	207	67	0.94604	0.77315	0.00365	0.00602
0	1	0	1	6	3596	150	71	0.95787	0.74058	0.00337	0.00633
0	1	0	1	7	3375	156	82	0.95321	0.70592	0.00366	0.00661
0	1	0	1	8	3137	120	56	0.96140	0.67868	0.00345	0.00681
0	1	0	1	9	2961	121	75	0.95861	0.65059	0.00368	0.00699
0	1	0	1	10	2765	103	78	0.96222	0.62600	0.00365	0.00713
0	1	0	1	11	2584	90	80	0.96462	0.60386	0.00366	0.00725
0	1	0	1	12	2414	60	66	0.97480	0.58864	0.00321	0.00733
0	1	0	1	13	2288	60	89	0.97326	0.57290	0.00341	0.00741
0	1	0	1	14	2139	49	78	0.97667	0.55953	0.00329	0.00748
0	1	0	1	15	2012	54	83	0.97260	0.54420	0.00368	0.00756
0	1	0	1	16	1875	57	102	0.96875	0.52719	0.00407	0.00765
0	1	0	1	17	1716	35	94	0.97903	0.51614	0.00351	0.00772
0	1	0	1	18	1587	30	80	0.98061	0.50613	0.00351	0.00778
0	1	0	1	19	1477	34	89	0.97627	0.49411	0.00402	0.00786
0	1	0	1	20	1354	34	83	0.97410	0.48131	0.00438	0.00796
0	1	0	1	21	1237	25	92	0.97901	0.47121	0.00415	0.00805
0	1	0	1	22	1120	14	107	0.98687	0.46503	0.00349	0.00811
0	1	0	1	23	999	19	94	0.98004	0.45574	0.00453	0.00822
0	1	0	1	24	886	21	88	0.97506	0.44438	0.00537	0.00838
0	1	0	1	25	777	12	84	0.98367	0.43712	0.00467	0.00850
0	1	0	1	26	681	9	204	0.98446	0.43033	0.00514	0.00867
0	1	0	1	27	468	7	140	0.98241	0.42276	0.00659	0.00898
0	1	0	1	28	321	1	137	0.99604	0.42109	0.00395	0.00909
0	1	0	1	29	183	4	109	0.96887	0.40798	0.01532	0.01092
0	1	0	1	30	70	0	70	.	.	.	.
0	1	0	2	1	4860	181	190	0.96201	0.96201	0.00277	0.00277
0	1	0	2	2	4489	264	176	0.94001	0.90431	0.00358	0.00432
0	1	0	2	3	4049	242	183	0.93885	0.84901	0.00381	0.00532
0	1	0	2	4	3624	211	185	0.94025	0.79828	0.00399	0.00604
0	1	0	2	5	3228	193	150	0.93879	0.74942	0.00427	0.00662
0	1	0	2	6	2885	148	157	0.94727	0.70990	0.00422	0.00702
0	1	0	2	7	2580	99	174	0.96029	0.68171	0.00391	0.00729
0	1	0	2	8	2307	115	142	0.94857	0.64665	0.00467	0.00761
0	1	0	2	9	2050	86	163	0.95631	0.61840	0.00461	0.00787
0	1	0	2	10	1801	72	139	0.95842	0.59268	0.00480	0.00810
0	1	0	2	11	1590	52	143	0.96576	0.57238	0.00467	0.00830
0	1	0	2	12	1395	48	149	0.96365	0.55158	0.00515	0.00852
0	1	0	2	13	1198	39	130	0.96558	0.53259	0.00542	0.00876
0	1	0	2	14	1029	31	131	0.96783	0.51546	0.00568	0.00900
0	1	0	2	15	867	31	93	0.96222	0.49598	0.00666	0.00931
0	1	0	2	16	743	21	109	0.96950	0.48085	0.00655	0.00960
0	1	0	2	17	613	17	80	0.97033	0.46659	0.00709	0.00992
0	1	0	2	18	516	12	84	0.97468	0.45478	0.00722	0.01023
0	1	0	2	19	420	14	72	0.96354	0.43819	0.00956	0.01078
0	1	0	2	20	334	6	58	0.98033	0.42957	0.00795	0.01113
0	1	0	2	21	270	1	55	0.99588	0.42780	0.00412	0.01122
0	1	0	2	22	214	5	53	0.97333	0.41640	0.01177	0.01202
0	1	0	2	23	156	3	38	0.97810	0.40728	0.01250	0.01286
0	1	0	2	24	115	1	22	0.99038	0.40336	0.00957	0.01332
0	1	0	2	25	92	1	24	0.98750	0.39832	0.01242	0.01408
0	1	0	2	26	67	0	35	1.00000	0.39832	0.00000	0.01408
0	1	0	2	27	32	0	17	1.00000	0.39832	0.00000	0.01408
0	1	0	2	28	15	0	5	1.00000	0.39832	0.00000	0.01408
0	1	0	2	29	10	0	7	1.00000	0.39832	0.00000	0.01408
0	1	0	2	30	3	0	3	.	.	.	.
0	1	1	0	1	10129	172	46	0.98298	0.98298	0.00129	0.00129
0	1	1	0	2	9911	588	33	0.94057	0.92456	0.00238	0.00263
0	1	1	0	3	9290	606	44	0.93461	0.86411	0.00257	0.00342
0	1	1	0	4	8640	484	46	0.94383	0.81558	0.00248	0.00387
0	1	1	0	5	8110	384	47	0.95251	0.77685	0.00237	0.00416
0	1	1	0	6	7679	317	38	0.95862	0.74470	0.00228	0.00436
0	1	1	0	7	7324	304	46	0.95836	0.71369	0.00234	0.00453
0	1	1	0	8	6974	204	46	0.97065	0.69274	0.00202	0.00463
0	1	1	0	9	6724	153	52	0.97716	0.67692	0.00183	0.00470
0	1	1	0	10	6519	159	40	0.97553	0.66036	0.00192	0.00476
0	1	1	0	11	6320	146	57	0.97679	0.64504	0.00190	0.00482
0	1	1	0	12	6117	120	64	0.98028	0.63231	0.00178	0.00486
0	1	1	0	13	5933	119	59	0.97984	0.61957	0.00183	0.00490
0	1	1	0	14	5755	105	78	0.98163	0.60819	0.00178	0.00494
0	1	1	0	15	5572	91	55	0.98359	0.59821	0.00171	0.00496
0	1	1	0	16	5426	97	81	0.98199	0.58743	0.00181	0.00499
0	1	1	0	17	5248	77	70	0.98523	0.57875	0.00167	0.00502
0	1	1	0	18	5101	73	85	0.98557	0.57040	0.00168	0.00504
0	1	1	0	19	4943	68	92	0.98611	0.56248	0.00167	0.00506
0	1	1	0	20	4783	67	114	0.98582	0.55451	0.00172	0.00508
0	1	1	0	21	4602	45	1078	0.98892	0.54837	0.00164	0.00511
0	1	1	0	22	3479	36	935	0.98805	0.54181	0.00198	0.00516
0	1	1	0	23	2508	21	882	0.98984	0.53631	0.00221	0.00525
0	1	1	0	24	1605	14	819	0.98829	0.53003	0.00311	0.00545
0	1	1	0	25	772	2	770	.	.	.	.
0	1	1	1	1	4184	77	52	0.98148	0.98148	0.00209	0.00209
0	1	1	1	2	4055	185	61	0.95403	0.93636	0.00330	0.00380
0	1	1	1	3	3809	233	62	0.93833	0.87862	0.00391	0.00512
0	1	1	1	4	3514	177	57	0.94922	0.83400	0.00372	0.00585
0	1	1	1	5	3280	175	49	0.94624	0.78917	0.00395	0.00645
0	1	1	1	6	3056	140	57	0.95376	0.75267	0.00382	0.00685
0	1	1	1	7	2859	99	71	0.96494	0.72628	0.00346	0.00710
0	1	1	1	8	2689	83	43	0.96888	0.70368	0.00336	0.00730
0	1	1	1	9	2563	85	65	0.96641	0.68005	0.00358	0.00749
0	1	1	1	10	2413	70	61	0.97062	0.66007	0.00346	0.00764
0	1	1	1	11	2282	82	58	0.96360	0.63604	0.00395	0.00781
0	1	1	1	12	2142	61	57	0.97114	0.61769	0.00364	0.00793
0	1	1	1	13	2024	46	76	0.97684	0.60338	0.00338	0.00802
0	1	1	1	14	1902	47	77	0.97478	0.58816	0.00363	0.00812
0	1	1	1	15	1778	38	77	0.97815	0.57531	0.00350	0.00821
0	1	1	1	16	1663	25	81	0.98459	0.56645	0.00306	0.00827
0	1	1	1	17	1557	34	78	0.97760	0.55376	0.00380	0.00837
0	1	1	1	18	1445	34	75	0.97584	0.54038	0.00409	0.00847
0	1	1	1	19	1336	26	95	0.97982	0.52948	0.00392	0.00857
0	1	1	1	20	1215	25	90	0.97863	0.51817	0.00423	0.00868
0	1	1	1	21	1100	18	281	0.98124	0.50844	0.00438	0.00881
0	1	1	1	22	801	12	235	0.98244	0.49952	0.00502	0.00903
0	1	1	1	23	554	2	215	0.99552	0.49728	0.00316	0.00912
0	1	1	1	24	337	3	203	0.98726	0.49095	0.00731	0.00971
0	1	1	1	25	131	1	130	.	.	.	.
0	1	1	2	1	4502	132	153	0.97017	0.97017	0.00256	0.00256
0	1	1	2	2	4217	251	133	0.93953	0.91150	0.00370	0.00432
0	1	1	2	3	3833	238	173	0.93647	0.85360	0.00398	0.00544
0	1	1	2	4	3422	193	173	0.94214	0.80421	0.00404	0.00618
0	1	1	2	5	3056	149	180	0.94976	0.76381	0.00401	0.00669
0	1	1	2	6	2727	147	135	0.94473	0.72159	0.00443	0.00717
0	1	1	2	7	2445	110	160	0.95349	0.68803	0.00433	0.00752
0	1	1	2	8	2175	78	123	0.96309	0.66263	0.00410	0.00777
0	1	1	2	9	1974	68	149	0.96420	0.63891	0.00426	0.00801
0	1	1	2	10	1757	50	161	0.97018	0.61986	0.00415	0.00821
0	1	1	2	11	1546	43	140	0.97087	0.60180	0.00438	0.00842
0	1	1	2	12	1363	40	130	0.96918	0.58325	0.00480	0.00866
0	1	1	2	13	1193	32	135	0.97157	0.56667	0.00495	0.00889
0	1	1	2	14	1026	29	125	0.96990	0.54961	0.00550	0.00917
0	1	1	2	15	872	31	112	0.96201	0.52873	0.00669	0.00956
0	1	1	2	16	729	19	101	0.97200	0.51393	0.00633	0.00988
0	1	1	2	17	609	14	83	0.97533	0.50125	0.00651	0.01020
0	1	1	2	18	512	9	70	0.98113	0.49179	0.00623	0.01048
0	1	1	2	19	433	8	67	0.97997	0.48194	0.00701	0.01083
0	1	1	2	20	358	14	66	0.95692	0.46118	0.01126	0.01170
0	1	1	2	21	278	7	98	0.96943	0.44709	0.01138	0.01250
0	1	1	2	22	173	2	83	0.98479	0.44029	0.01067	0.01320
0	1	1	2	23	88	0	53	1.00000	0.44029	0.00000	0.01320
0	1	1	2	24	35	0	21	1.00000	0.44029	0.00000	0.01320
0	1	1	2	25	14	0	14	.	.	.	.
0	1	2	0	1	12205	192	72	0.98422	0.98422	0.00113	0.00113
0	1	2	0	2	11941	555	54	0.95342	0.93837	0.00193	0.00218
0	1	2	0	3	11332	522	57	0.95382	0.89504	0.00197	0.00279
0	1	2	0	4	10753	436	42	0.95937	0.85868	0.00191	0.00317
0	1	2	0	5	10275	373	66	0.96358	0.82741	0.00185	0.00345
0	1	2	0	6	9836	325	58	0.96686	0.79999	0.00181	0.00365
0	1	2	0	7	9453	259	65	0.97251	0.77799	0.00168	0.00380
0	1	2	0	8	9129	261	66	0.97131	0.75567	0.00175	0.00393
0	1	2	0	9	8802	199	81	0.97729	0.73850	0.00159	0.00403
0	1	2	0	10	8522	192	79	0.97737	0.72179	0.00161	0.00411
0	1	2	0	11	8251	175	82	0.97868	0.70640	0.00159	0.00419
0	1	2	0	12	7994	161	74	0.97977	0.69211	0.00158	0.00425
0	1	2	0	13	7759	133	86	0.98276	0.68018	0.00148	0.00430
0	1	2	0	14	7540	121	107	0.98384	0.66919	0.00146	0.00435
0	1	2	0	15	7312	120	137	0.98343	0.65810	0.00150	0.00439
0	1	2	0	16	7055	79	1758	0.98721	0.64968	0.00143	0.00444
0	1	2	0	17	5218	58	1539	0.98696	0.64121	0.00170	0.00451
0	1	2	0	18	3621	44	1366	0.98502	0.63161	0.00224	0.00467
0	1	2	0	19	2211	20	1165	0.98772	0.62385	0.00273	0.00493
0	1	2	0	20	1026	3	1023	.	.	.	.
0	1	2	1	1	3989	75	45	0.98109	0.98109	0.00216	0.00216
0	1	2	1	2	3869	169	45	0.95606	0.93799	0.00330	0.00385
0	1	2	1	3	3655	146	37	0.95985	0.90033	0.00326	0.00479
0	1	2	1	4	3472	157	63	0.95437	0.85924	0.00356	0.00558
0	1	2	1	5	3252	137	64	0.95745	0.82269	0.00356	0.00616
0	1	2	1	6	3051	88	66	0.97084	0.79870	0.00306	0.00649
0	1	2	1	7	2897	92	60	0.96791	0.77307	0.00329	0.00681
0	1	2	1	8	2745	67	55	0.97534	0.75401	0.00297	0.00703
0	1	2	1	9	2623	84	51	0.96766	0.72962	0.00347	0.00728
0	1	2	1	10	2488	55	62	0.97761	0.71329	0.00298	0.00745
0	1	2	1	11	2371	53	73	0.97730	0.69710	0.00308	0.00760
0	1	2	1	12	2245	54	68	0.97558	0.68007	0.00328	0.00776
0	1	2	1	13	2123	52	72	0.97508	0.66313	0.00341	0.00792
0	1	2	1	14	1999	42	88	0.97852	0.64888	0.00328	0.00805
0	1	2	1	15	1869	36	72	0.98036	0.63614	0.00324	0.00816
0	1	2	1	16	1761	26	498	0.98280	0.62520	0.00334	0.00830
0	1	2	1	17	1237	21	382	0.97992	0.61265	0.00434	0.00857
0	1	2	1	18	834	13	321	0.98070	0.60082	0.00530	0.00901
0	1	2	1	19	500	3	281	0.99166	0.59581	0.00480	0.00939
0	1	2	1	20	216	2	214	.	.	.	.
0	1	2	2	1	4526	161	153	0.96382	0.96382	0.00280	0.00280
0	1	2	2	2	4212	219	149	0.94707	0.91280	0.00348	0.00428
0	1	2	2	3	3844	203	131	0.94627	0.86376	0.00367	0.00525
0	1	2	2	4	3510	208	130	0.93962	0.81161	0.00406	0.00605
0	1	2	2	5	3172	166	153	0.94637	0.76809	0.00405	0.00660
0	1	2	2	6	2853	119	155	0.95712	0.73515	0.00385	0.00698
0	1	2	2	7	2579	106	156	0.95762	0.70400	0.00403	0.00731
0	1	2	2	8	2317	88	159	0.96067	0.67631	0.00411	0.00759
0	1	2	2	9	2070	66	145	0.96696	0.65396	0.00400	0.00782
0	1	2	2	10	1859	56	150	0.96861	0.63343	0.00413	0.00805
0	1	2	2	11	1653	53	151	0.96640	0.61215	0.00454	0.00829
0	1	2	2	12	1449	41	125	0.97043	0.59405	0.00455	0.00851
0	1	2	2	13	1283	42	116	0.96571	0.57368	0.00520	0.00878
0	1	2	2	14	1125	23	122	0.97838	0.56128	0.00446	0.00896
0	1	2	2	15	980	26	114	0.97183	0.54547	0.00545	0.00923
0	1	2	2	16	840	25	257	0.96486	0.52630	0.00690	0.00967
0	1	2	2	17	558	7	203	0.98467	0.51823	0.00575	0.00999
0	1	2	2	18	348	5	150	0.98168	0.50874	0.00812	0.01067
0	1	2	2	19	193	3	122	0.97727	0.49718	0.01297	0.01234
0	1	2	2	20	68	0	68	.	.	.	.
0	1	3	0	1	39215	353	488	0.99094	0.99094	0.00048	0.00048
0	1	3	0	2	38374	1073	2949	0.97092	0.96213	0.00087	0.00098
0	1	3	0	3	34352	958	2761	0.97094	0.93417	0.00092	0.00131
0	1	3	0	4	30633	840	2755	0.97129	0.90735	0.00098	0.00156
0	1	3	0	5	27038	697	2563	0.97294	0.88280	0.00101	0.00178
0	1	3	0	6	23778	549	2529	0.97561	0.86127	0.00103	0.00196
0	1	3	0	7	20700	453	2410	0.97676	0.84125	0.00108	0.00212
0	1	3	0	8	17837	337	2387	0.97975	0.82422	0.00109	0.00227
0	1	3	0	9	15113	255	2269	0.98176	0.80919	0.00113	0.00242
0	1	3	0	10	12589	181	2203	0.98424	0.79644	0.00116	0.00256
0	1	3	0	11	10205	138	2117	0.98491	0.78442	0.00127	0.00272
0	1	3	0	12	7950	107	2107	0.98448	0.77225	0.00149	0.00292
0	1	3	0	13	5736	45	2056	0.99044	0.76487	0.00142	0.00309
0	1	3	0	14	3635	37	1867	0.98630	0.75439	0.00224	0.00350
0	1	3	0	15	1731	12	1719	.	.	.	.
0	1	3	1	1	13912	175	217	0.98732	0.98732	0.00095	0.00095
0	1	3	1	2	13520	341	1225	0.97358	0.96124	0.00141	0.00167
0	1	3	1	3	11954	356	1191	0.96866	0.93111	0.00163	0.00226
0	1	3	1	4	10407	281	1179	0.97138	0.90446	0.00168	0.00270
0	1	3	1	5	8947	215	1040	0.97449	0.88138	0.00172	0.00305
0	1	3	1	6	7692	173	979	0.97598	0.86021	0.00180	0.00338
0	1	3	1	7	6540	151	893	0.97522	0.83890	0.00199	0.00371
0	1	3	1	8	5496	110	859	0.97829	0.82068	0.00205	0.00402
0	1	3	1	9	4527	93	754	0.97759	0.80229	0.00230	0.00436
0	1	3	1	10	3680	49	665	0.98536	0.79055	0.00208	0.00460
0	1	3	1	11	2966	52	620	0.98042	0.77507	0.00269	0.00499
0	1	3	1	12	2294	36	598	0.98195	0.76109	0.00298	0.00542
0	1	3	1	13	1660	28	577	0.97958	0.74555	0.00382	0.00605
0	1	3	1	14	1055	10	555	0.98714	0.73596	0.00404	0.00669
0	1	3	1	15	490	0	490	.	.	.	.
0	1	3	2	1	11993	402	363	0.96597	0.96597	0.00167	0.00167
0	1	3	2	2	11228	478	1097	0.95524	0.92273	0.00200	0.00251
0	1	3	2	3	9653	450	1030	0.95076	0.87729	0.00226	0.00317
0	1	3	2	4	8173	335	907	0.95660	0.83922	0.00232	0.00365
0	1	3	2	5	6931	231	840	0.96452	0.80944	0.00229	0.00401
0	1	3	2	6	5860	201	818	0.96313	0.77960	0.00255	0.00438
0	1	3	2	7	4841	142	789	0.96806	0.75470	0.00264	0.00471
0	1	3	2	8	3910	91	716	0.97438	0.73537	0.00265	0.00501
0	1	3	2	9	3103	83	580	0.97049	0.71367	0.00319	0.00540
0	1	3	2	10	2440	58	549	0.97322	0.69455	0.00347	0.00581
0	1	3	2	11	1833	45	487	0.97169	0.67489	0.00416	0.00634
0	1	3	2	12	1301	34	397	0.96916	0.65408	0.00521	0.00708
0	1	3	2	13	870	13	340	0.98143	0.64193	0.00510	0.00771
0	1	3	2	14	517	7	276	0.98153	0.63007	0.00692	0.00877
0	1	3	2	15	234	2	232	.	.	.	.
0	2	0	0	1	1342	373	22	0.71976	0.71976	0.01231	0.01231
0	2	0	0	2	947	281	16	0.70075	0.50437	0.01494	0.01379
0	2	0	0	3	650	190	5	0.70656	0.35637	0.01789	0.01328
0	2	0	0	4	455	109	3	0.75965	0.27071	0.02007	0.01237
0	2	0	0	5	343	71	4	0.79179	0.21435	0.02199	0.01146
0	2	0	0	6	268	38	0	0.85821	0.18396	0.02131	0.01084
0	2	0	0	7	230	31	0	0.86522	0.15916	0.02252	0.01025
0	2	0	0	8	199	18	1	0.90932	0.14473	0.02038	0.00987
0	2	0	0	9	180	18	1	0.89972	0.13022	0.02242	0.00946
0	2	0	0	10	161	5	3	0.96865	0.12613	0.01380	0.00934
0	2	0	0	11	153	10	1	0.93443	0.11786	0.02004	0.00908
0	2	0	0	12	142	9	1	0.93640	0.11037	0.02052	0.00884
0	2	0	0	13	132	3	2	0.97710	0.10784	0.01307	0.00876
0	2	0	0	14	127	4	2	0.96825	0.10442	0.01562	0.00865
0	2	0	0	15	121	5	4	0.95798	0.10003	0.01839	0.00850
0	2	0	0	16	112	4	4	0.96364	0.09639	0.01785	0.00839
0	2	0	0	17	104	1	1	0.99034	0.09546	0.00962	0.00836
0	2	0	0	18	102	2	2	0.98020	0.09357	0.01386	0.00830
0	2	0	0	19	98	1	1	0.98974	0.09261	0.01020	0.00827
0	2	0	0	20	96	1	3	0.98942	0.09163	0.01053	0.00824
0	2	0	0	21	92	0	1	1.00000	0.09163	0.00000	0.00824
0	2	0	0	22	91	1	4	0.98876	0.09060	0.01117	0.00821
0	2	0	0	23	86	0	3	1.00000	0.09060	0.00000	0.00821
0	2	0	0	24	83	2	1	0.97576	0.08840	0.01693	0.00816
0	2	0	0	25	80	0	1	1.00000	0.08840	0.00000	0.00816
0	2	0	0	26	79	4	15	0.94406	0.08346	0.02718	0.00807
0	2	0	0	27	60	2	23	0.95876	0.08002	0.02855	0.00809
0	2	0	0	28	35	0	14	1.00000	0.08002	0.00000	0.00809
0	2	0	0	29	21	0	10	1.00000	0.08002	0.00000	0.00809
0	2	0	0	30	11	0	11	.	.	.	.
0	2	0	1	1	1040	371	38	0.63663	0.63663	0.01505	0.01505
0	2	0	1	2	631	163	12	0.73920	0.47060	0.01756	0.01577
0	2	0	1	3	456	114	9	0.74751	0.35178	0.02045	0.01522
0	2	0	1	4	333	67	12	0.79511	0.27970	0.02232	0.01442
0	2	0	1	5	254	55	3	0.78218	0.21877	0.02598	0.01342
0	2	0	1	6	196	35	4	0.81959	0.17930	0.02761	0.01255
0	2	0	1	7	157	29	7	0.81107	0.14543	0.03160	0.01165
0	2	0	1	8	121	20	2	0.83333	0.12119	0.03402	0.01089
0	2	0	1	9	99	8	4	0.91753	0.11120	0.02793	0.01055
0	2	0	1	10	87	3	5	0.96450	0.10725	0.02013	0.01042
0	2	0	1	11	79	3	5	0.96078	0.10304	0.02219	0.01029
0	2	0	1	12	71	8	3	0.88489	0.09118	0.03828	0.00993
0	2	0	1	13	60	4	4	0.93103	0.08489	0.03327	0.00973
0	2	0	1	14	52	1	4	0.98000	0.08320	0.01980	0.00968
0	2	0	1	15	47	2	1	0.95699	0.07962	0.02975	0.00959
0	2	0	1	16	44	4	2	0.90698	0.07221	0.04430	0.00938
0	2	0	1	17	38	2	3	0.94521	0.06825	0.03767	0.00928
0	2	0	1	18	33	3	5	0.90164	0.06154	0.05392	0.00914
0	2	0	1	19	25	1	2	0.95833	0.05898	0.04079	0.00911
0	2	0	1	20	22	1	1	0.95349	0.05623	0.04542	0.00909
0	2	0	1	21	20	1	2	0.94737	0.05327	0.05123	0.00908
0	2	0	1	22	17	1	1	0.93939	0.05004	0.05874	0.00909
0	2	0	1	23	15	0	3	1.00000	0.05004	0.00000	0.00909
0	2	0	1	24	12	0	2	1.00000	0.05004	0.00000	0.00909
0	2	0	1	25	10	0	1	1.00000	0.05004	0.00000	0.00909
0	2	0	1	26	9	0	3	1.00000	0.05004	0.00000	0.00909
0	2	0	1	27	6	1	3	0.77778	0.03892	0.19598	0.01209
0	2	0	1	28	2	0	1	1.00000	0.03892	0.00000	0.01209
0	2	0	1	29	1	0	1	.	.	.	.
0	2	0	2	1	1110	429	70	0.60093	0.60093	0.01494	0.01494
0	2	0	2	2	611	174	23	0.70976	0.42652	0.01854	0.01538
0	2	0	2	3	414	90	19	0.77750	0.33162	0.02068	0.01486
0	2	0	2	4	305	60	15	0.79832	0.26474	0.02326	0.01415
0	2	0	2	5	230	41	14	0.81614	0.21606	0.02594	0.01344
0	2	0	2	6	175	31	17	0.81381	0.17583	0.03017	0.01273
0	2	0	2	7	127	19	11	0.84362	0.14834	0.03295	0.01220
0	2	0	2	8	97	7	9	0.92432	0.13711	0.02750	0.01199
0	2	0	2	9	81	9	11	0.88079	0.12077	0.03729	0.01174
0	2	0	2	10	61	8	3	0.86555	0.10453	0.04423	0.01148
0	2	0	2	11	50	0	5	1.00000	0.10453	0.00000	0.01148
0	2	0	2	12	45	0	9	1.00000	0.10453	0.00000	0.01148
0	2	0	2	13	36	2	6	0.93939	0.09820	0.04154	0.01162
0	2	0	2	14	28	1	0	0.96429	0.09469	0.03507	0.01172
0	2	0	2	15	27	1	7	0.95745	0.09066	0.04164	0.01190
0	2	0	2	16	19	0	3	1.00000	0.09066	0.00000	0.01190
0	2	0	2	17	16	0	2	1.00000	0.09066	0.00000	0.01190
0	2	0	2	18	14	0	4	1.00000	0.09066	0.00000	0.01190
0	2	0	2	19	10	0	0	1.00000	0.09066	0.00000	0.01190
0	2	0	2	20	10	0	4	1.00000	0.09066	0.00000	0.01190
0	2	0	2	21	6	0	3	1.00000	0.09066	0.00000	0.01190
0	2	0	2	22	3	0	2	1.00000	0.09066	0.00000	0.01190
0	2	0	2	23	1	0	0	1.00000	0.09066	0.00000	0.01190
0	2	0	2	24	1	0	1	.	.	.	.
0	2	1	0	1	1534	405	22	0.73408	0.73408	0.01132	0.01132
0	2	1	0	2	1107	336	11	0.69496	0.51016	0.01387	0.01287
0	2	1	0	3	760	179	14	0.76228	0.38888	0.01551	0.01260
0	2	1	0	4	567	128	6	0.77305	0.30063	0.01764	0.01192
0	2	1	0	5	433	68	5	0.84204	0.25314	0.01758	0.01134
0	2	1	0	6	360	44	4	0.87709	0.22203	0.01735	0.01087
0	2	1	0	7	312	33	2	0.89389	0.19847	0.01746	0.01046
0	2	1	0	8	277	18	1	0.93490	0.18555	0.01484	0.01022
0	2	1	0	9	258	27	5	0.89432	0.16594	0.01923	0.00981
0	2	1	0	10	226	19	6	0.91480	0.15180	0.01870	0.00949
0	2	1	0	11	201	17	3	0.91479	0.13887	0.01977	0.00919
0	2	1	0	12	181	8	3	0.95543	0.13268	0.01540	0.00904
0	2	1	0	13	170	6	1	0.96460	0.12798	0.01419	0.00892
0	2	1	0	14	163	5	3	0.96904	0.12402	0.01363	0.00882
0	2	1	0	15	155	7	3	0.95440	0.11836	0.01684	0.00867
0	2	1	0	16	145	2	0	0.98621	0.11673	0.00969	0.00863
0	2	1	0	17	143	5	5	0.96441	0.11258	0.01563	0.00852
0	2	1	0	18	133	3	3	0.97719	0.11001	0.01302	0.00845
0	2	1	0	19	127	3	4	0.97600	0.10737	0.01369	0.00838
0	2	1	0	20	120	0	6	1.00000	0.10737	0.00000	0.00838
0	2	1	0	21	114	2	25	0.98030	0.10525	0.01380	0.00835
0	2	1	0	22	87	1	25	0.98658	0.10384	0.01333	0.00836
0	2	1	0	23	61	0	21	1.00000	0.10384	0.00000	0.00836
0	2	1	0	24	40	0	25	1.00000	0.10384	0.00000	0.00836
0	2	1	0	25	15	0	15	.	.	.	.
0	2	1	1	1	927	283	39	0.68815	0.68815	0.01538	0.01538
0	2	1	1	2	605	167	11	0.72143	0.49646	0.01831	0.01679
0	2	1	1	3	427	123	10	0.70853	0.35176	0.02212	0.01619
0	2	1	1	4	294	50	4	0.82877	0.29152	0.02205	0.01550
0	2	1	1	5	240	47	8	0.80085	0.23347	0.02600	0.01454
0	2	1	1	6	185	35	2	0.80978	0.18906	0.02893	0.01358
0	2	1	1	7	148	14	2	0.90476	0.17105	0.02421	0.01311
0	2	1	1	8	132	15	2	0.88550	0.15147	0.02782	0.01254
0	2	1	1	9	115	13	3	0.88546	0.13412	0.02989	0.01200
0	2	1	1	10	99	12	4	0.87629	0.11753	0.03343	0.01143
0	2	1	1	11	83	6	2	0.92683	0.10893	0.02876	0.01112
0	2	1	1	12	75	5	5	0.93103	0.10141	0.02976	0.01085
0	2	1	1	13	65	8	1	0.87597	0.08884	0.04104	0.01037
0	2	1	1	14	56	1	4	0.98148	0.08719	0.01835	0.01031
0	2	1	1	15	51	3	0	0.94118	0.08206	0.03295	0.01012
0	2	1	1	16	48	1	5	0.97802	0.08026	0.02174	0.01006
0	2	1	1	17	42	2	2	0.95122	0.07634	0.03364	0.00994
0	2	1	1	18	38	0	2	1.00000	0.07634	0.00000	0.00994
0	2	1	1	19	36	0	2	1.00000	0.07634	0.00000	0.00994
0	2	1	1	20	34	0	5	1.00000	0.07634	0.00000	0.00994
0	2	1	1	21	29	1	8	0.96000	0.07329	0.03919	0.01000
0	2	1	1	22	20	0	5	1.00000	0.07329	0.00000	0.01000
0	2	1	1	23	15	0	8	1.00000	0.07329	0.00000	0.01000
0	2	1	1	24	7	0	6	1.00000	0.07329	0.00000	0.01000
0	2	1	1	25	1	0	1	.	.	.	.
0	2	1	2	1	1126	447	60	0.59215	0.59215	0.01484	0.01484
0	2	1	2	2	619	171	33	0.71618	0.42409	0.01837	0.01521
0	2	1	2	3	415	93	24	0.76923	0.32622	0.02099	0.01470
0	2	1	2	4	298	59	15	0.79690	0.25997	0.02360	0.01402
0	2	1	2	5	224	36	11	0.83524	0.21714	0.02510	0.01340
0	2	1	2	6	177	30	12	0.82456	0.17904	0.02909	0.01273
0	2	1	2	7	135	15	9	0.88506	0.15846	0.02792	0.01233
0	2	1	2	8	111	16	9	0.84977	0.13466	0.03462	0.01182
0	2	1	2	9	86	3	9	0.96319	0.12970	0.02086	0.01173
0	2	1	2	10	74	4	13	0.94074	0.12201	0.02874	0.01165
0	2	1	2	11	57	5	5	0.90826	0.11082	0.03910	0.01160
0	2	1	2	12	47	1	4	0.97778	0.10836	0.02197	0.01161
0	2	1	2	13	42	2	2	0.95122	0.10307	0.03364	0.01163
0	2	1	2	14	38	3	4	0.91667	0.09448	0.04606	0.01167
0	2	1	2	15	31	1	5	0.96491	0.09117	0.03447	0.01172
0	2	1	2	16	25	2	4	0.91304	0.08324	0.05875	0.01197
0	2	1	2	17	19	1	2	0.94444	0.07861	0.05399	0.01216
0	2	1	2	18	16	0	2	1.00000	0.07861	0.00000	0.01216
0	2	1	2	19	14	0	2	1.00000	0.07861	0.00000	0.01216
0	2	1	2	20	12	1	1	0.91304	0.07178	0.08309	0.01288
0	2	1	2	21	10	0	2	1.00000	0.07178	0.00000	0.01288
0	2	1	2	22	8	0	2	1.00000	0.07178	0.00000	0.01288
0	2	1	2	23	6	0	4	1.00000	0.07178	0.00000	0.01288
0	2	1	2	24	2	0	1	1.00000	0.07178	0.00000	0.01288
0	2	1	2	25	1	0	1	.	.	.	.
0	2	2	0	1	1910	430	24	0.77345	0.77345	0.00961	0.00961
0	2	2	0	2	1456	365	18	0.74775	0.57835	0.01142	0.01138
0	2	2	0	3	1073	225	7	0.78962	0.45668	0.01246	0.01152
0	2	2	0	4	841	158	5	0.81157	0.37062	0.01350	0.01120
0	2	2	0	5	678	93	10	0.86181	0.31941	0.01330	0.01084
0	2	2	0	6	575	74	2	0.87108	0.27823	0.01399	0.01045
0	2	2	0	7	499	60	2	0.87952	0.24471	0.01459	0.01004
0	2	2	0	8	437	44	6	0.89862	0.21990	0.01449	0.00970
0	2	2	0	9	387	35	6	0.90885	0.19986	0.01469	0.00939
0	2	2	0	10	346	24	4	0.93023	0.18591	0.01374	0.00915
0	2	2	0	11	318	19	2	0.94006	0.17477	0.01333	0.00895
0	2	2	0	12	297	9	2	0.96959	0.16946	0.00998	0.00886
0	2	2	0	13	286	9	4	0.96831	0.16409	0.01039	0.00875
0	2	2	0	14	273	9	8	0.96654	0.15860	0.01096	0.00865
0	2	2	0	15	256	5	4	0.98031	0.15547	0.00872	0.00859
0	2	2	0	16	247	3	52	0.98643	0.15336	0.00778	0.00856
0	2	2	0	17	192	5	65	0.96865	0.14856	0.01380	0.00856
0	2	2	0	18	122	1	51	0.98964	0.14702	0.01031	0.00861
0	2	2	0	19	70	0	46	1.00000	0.14702	0.00000	0.00861
0	2	2	0	20	24	1	23	.	.	.	.
0	2	2	1	1	904	301	28	0.66180	0.66180	0.01586	0.01586
0	2	2	1	2	575	158	10	0.72281	0.47835	0.01875	0.01689
0	2	2	1	3	407	92	4	0.77284	0.36969	0.02082	0.01642
0	2	2	1	4	311	61	5	0.80227	0.29659	0.02268	0.01561
0	2	2	1	5	245	45	4	0.81481	0.24167	0.02492	0.01471
0	2	2	1	6	196	26	4	0.86598	0.20928	0.02446	0.01405
0	2	2	1	7	166	11	2	0.93333	0.19533	0.01942	0.01373
0	2	2	1	8	153	20	7	0.86622	0.16920	0.02784	0.01307
0	2	2	1	9	126	15	4	0.87903	0.14873	0.02928	0.01251
0	2	2	1	10	107	9	6	0.91346	0.13586	0.02757	0.01214
0	2	2	1	11	92	2	2	0.97802	0.13287	0.01537	0.01206
0	2	2	1	12	88	8	3	0.90751	0.12058	0.03115	0.01170
0	2	2	1	13	77	5	2	0.93421	0.11265	0.02844	0.01146
0	2	2	1	14	70	6	1	0.91367	0.10292	0.03369	0.01113
0	2	2	1	15	63	3	4	0.95082	0.09786	0.02769	0.01096
0	2	2	1	16	56	2	15	0.95876	0.09383	0.02855	0.01088
0	2	2	1	17	39	1	9	0.97101	0.09111	0.02856	0.01090
0	2	2	1	18	29	0	16	1.00000	0.09111	0.00000	0.01090
0	2	2	1	19	13	2	4	0.81818	0.07454	0.11629	0.01385
0	2	2	1	20	7	0	7	.	.	.	.
0	2	2	2	1	1221	515	57	0.56813	0.56813	0.01434	0.01434
0	2	2	2	2	649	169	26	0.73428	0.41717	0.01752	0.01449
0	2	2	2	3	454	105	18	0.76404	0.31873	0.02013	0.01389
0	2	2	2	4	331	74	10	0.77301	0.24638	0.02320	0.01304
0	2	2	2	5	247	51	15	0.78706	0.19392	0.02645	0.01216
0	2	2	2	6	181	29	11	0.83476	0.16187	0.02804	0.01151
0	2	2	2	7	141	16	7	0.88364	0.14304	0.02735	0.01109
0	2	2	2	8	118	11	7	0.90393	0.12930	0.02754	0.01077
0	2	2	2	9	100	5	5	0.94872	0.12267	0.02234	0.01062
0	2	2	2	10	90	5	5	0.94286	0.11566	0.02481	0.01047
0	2	2	2	11	80	5	11	0.93289	0.10789	0.02899	0.01032
0	2	2	2	12	64	3	4	0.95161	0.10267	0.02725	0.01026
0	2	2	2	13	57	3	6	0.94444	0.09697	0.03117	0.01020
0	2	2	2	14	48	0	4	1.00000	0.09697	0.00000	0.01020
0	2	2	2	15	44	3	4	0.92857	0.09004	0.03974	0.01023
0	2	2	2	16	37	1	13	0.96721	0.08709	0.03224	0.01031
0	2	2	2	17	23	2	7	0.89744	0.07816	0.06870	0.01102
0	2	2	2	18	14	0	5	1.00000	0.07816	0.00000	0.01102
0	2	2	2	19	9	0	4	1.00000	0.07816	0.00000	0.01102
0	2	2	2	20	5	0	5	.	.	.	.
0	2	3	0	1	6992	1204	141	0.82605	0.82605	0.00456	0.00456
0	2	3	0	2	5647	964	482	0.82168	0.67875	0.00521	0.00570
0	2	3	0	3	4201	745	427	0.81317	0.55193	0.00617	0.00625
0	2	3	0	4	3029	455	331	0.84110	0.46423	0.00683	0.00647
0	2	3	0	5	2243	290	278	0.86217	0.40025	0.00752	0.00658
0	2	3	0	6	1675	184	199	0.88321	0.35350	0.00809	0.00665
0	2	3	0	7	1292	117	184	0.90250	0.31904	0.00856	0.00672
0	2	3	0	8	991	67	164	0.92629	0.29552	0.00867	0.00681
0	2	3	0	9	760	47	132	0.93228	0.27551	0.00954	0.00695
0	2	3	0	10	581	33	109	0.93732	0.25824	0.01056	0.00713
0	2	3	0	11	439	19	116	0.95013	0.24536	0.01115	0.00737
0	2	3	0	12	304	16	76	0.93985	0.23060	0.01458	0.00779
0	2	3	0	13	212	5	70	0.97175	0.22409	0.01245	0.00810
0	2	3	0	14	137	4	66	0.96154	0.21547	0.01886	0.00886
0	2	3	0	15	67	0	67	.	.	.	.
0	2	3	1	1	3262	848	113	0.73545	0.73545	0.00779	0.00779
0	2	3	1	2	2301	417	252	0.80828	0.59445	0.00844	0.00884
0	2	3	1	3	1632	289	186	0.81222	0.48282	0.00996	0.00931
0	2	3	1	4	1157	203	146	0.81273	0.39240	0.01185	0.00948
0	2	3	1	5	808	113	107	0.85023	0.33363	0.01299	0.00954
0	2	3	1	6	588	70	86	0.87156	0.29078	0.01433	0.00959
0	2	3	1	7	432	57	63	0.85768	0.24940	0.01746	0.00967
0	2	3	1	8	312	34	55	0.88049	0.21959	0.01923	0.00977
0	2	3	1	9	223	15	46	0.92500	0.20312	0.01862	0.00992
0	2	3	1	10	162	10	40	0.92958	0.18882	0.02147	0.01020
0	2	3	1	11	112	2	27	0.97970	0.18498	0.01421	0.01035
0	2	3	1	12	83	12	13	0.84314	0.15597	0.04158	0.01163
0	2	3	1	13	58	4	23	0.91398	0.14255	0.04112	0.01241
0	2	3	1	14	31	1	13	0.95918	0.13673	0.03997	0.01320
0	2	3	1	15	17	1	16	.	.	.	.
0	2	3	2	1	3385	1220	193	0.62901	0.62901	0.00842	0.00842
0	2	3	2	2	1972	426	222	0.77109	0.48502	0.00974	0.00893
0	2	3	2	3	1324	275	144	0.78035	0.37849	0.01170	0.00899
0	2	3	2	4	905	180	120	0.78698	0.29786	0.01409	0.00886
0	2	3	2	5	605	108	83	0.80834	0.24078	0.01658	0.00870
0	2	3	2	6	414	64	64	0.83246	0.20044	0.01911	0.00858
0	2	3	2	7	286	35	43	0.86767	0.17391	0.02083	0.00853
0	2	3	2	8	208	24	35	0.87402	0.15200	0.02404	0.00855
0	2	3	2	9	149	17	31	0.87266	0.13265	0.02885	0.00866
0	2	3	2	10	101	9	25	0.89831	0.11916	0.03213	0.00887
0	2	3	2	11	67	1	14	0.98333	0.11717	0.01653	0.00894
0	2	3	2	12	52	2	14	0.95556	0.11196	0.03072	0.00927
0	2	3	2	13	36	2	16	0.92857	0.10397	0.04867	0.01019
0	2	3	2	14	18	0	11	1.00000	0.10397	0.00000	0.01019
0	2	3	2	15	7	1	6	.	.	.	.
